[Paper0]
Name=13.33 × 7.50 inch
DisplayName=13.33 × 7.50 inch
Width=338.58199999999999
Height=190.5
MarginTop=6.3499999999999996
MarginBottom=14.224
MarginLeft=6.3499999999999996
MarginRight=6.3499999999999996
Orientation=portrait
